/******************************************
 * 資料來源: http://my.bccn.net/paste/511/
 *
 * 農曆1800-2100年大月小月與閏月 *
 * (連同111個閏月在內共3723個月) *
 * 西元1800-01-01為臘月(大)初七 *
 * 西元1800-01-25為農曆正月初一 *
 *
 ******************************************/

1,0,1,1,0,1,0,1,0,1,0,1,0, //1800閏四月小
0,1,1,0,1,0,1,1,0,1,0,1,
0,0,1,0,1,0,1,1,1,0,1,0,
1,0,0,1,0,1,0,1,1,0,1,1,0, //1803閏二月小
1,0,0,1,0,0,1,1,0,1,1,1,
0,1,0,1,0,0,0,1,0,1,1,1,0, //1805閏六月小
1,1,0,1,0,0,0,1,0,1,1,0,
1,1,1,0,0,1,0,0,1,0,1,1,
0,1,1,0,1,0,1,0,1,0,0,1,0, //1808閏五月小
1,1,0,1,1,0,1,0,1,0,0,1,
0,1,0,1,1,0,1,1,0,1,0,1,
0,0,1,0,1,0,1,1,0,1,1,0,1, //1811閏三月小
0,0,1,0,1,0,1,0,1,1,1,0,
1,0,1,0,0,0,1,0,1,1,1,0,
1,1,0,1,0,0,0,1,0,1,1,0,1, //1814閏二月小
1,1,0,0,1,0,0,1,0,1,0,1,
1,1,0,1,0,1,0,0,1,0,1,0,1, //1816閏六月小
1,0,1,1,0,1,0,1,0,0,1,0,
1,0,1,1,0,1,1,0,1,0,0,1,
0,1,0,1,0,1,1,0,1,1,0,1,0, //1819閏四月小
0,1,0,1,0,1,0,1,1,1,0,1,
0,0,1,0,0,1,0,1,1,1,0,1,
1,0,1,0,0,0,1,0,1,1,0,1,1, //1822閏三月小
1,0,1,0,0,0,1,0,1,0,1,1,
1,0,1,0,1,0,0,1,0,1,0,1,1, //1824閏七月大
1,0,1,0,1,0,0,1,0,1,0,1,
1,0,1,1,0,1,0,0,1,0,1,0,
1,0,1,1,0,1,0,1,0,1,0,1,0, //1827閏五月大
1,0,1,0,1,1,0,1,0,1,0,1,
0,1,0,1,0,1,0,1,1,0,1,1,
0,0,1,0,0,1,0,1,1,0,1,1,1, //1830閏四月小
0,0,1,0,0,1,0,1,0,1,1,1,
0,1,0,1,0,0,1,0,1,0,1,1,1, //1832閏九月小
0,1,0,1,0,0,1,0,1,0,1,1,
0,1,1,0,1,0,0,1,0,1,0,1,
0,1,1,0,1,1,0,0,1,0,1,0,1, //1835閏六月小
0,1,0,1,1,0,1,0,1,0,1,0,
1,0,1,0,1,0,1,1,0,1,0,1,
0,1,0,1,0,0,1,1,0,1,1,0,1, //1838閏四月小
0,1,0,0,1,0,1,0,1,1,1,0,
1,0,1,0,0,1,0,1,0,1,1,1,
0,1,0,1,0,0,1,0,1,0,1,0,1, //1841閏三月大
1,1,0,1,0,0,1,0,1,0,1,0,
1,1,1,0,1,0,0,1,0,1,0,1,0, //1843閏七月大
1,1,0,1,0,1,0,1,0,1,0,1,
0,1,0,1,1,0,1,0,1,0,1,0,
1,0,1,0,1,0,1,0,1,1,0,1,0, //1846閏五月小
1,0,0,1,0,1,0,1,1,1,0,1,
0,1,0,0,1,0,1,0,1,1,1,0,
1,0,1,0,0,1,0,1,0,1,0,1,1, //1849閏四月小
1,0,1,0,0,1,0,0,1,1,0,1,
1,1,0,1,0,0,1,1,0,1,0,1,0, //1851閏八月小
1,0,1,1,0,0,1,0,1,0,0,1,
1,0,1,1,0,1,0,1,0,1,0,1,
0,1,0,1,0,1,1,0,1,0,1,0,1, //1854閏七月小
0,0,1,0,1,1,0,1,1,0,1,0,
1,0,0,1,0,1,0,1,1,1,0,1,
0,1,0,0,1,0,1,0,1,0,1,1,1, //1857閏五月小
0,1,0,0,1,0,0,1,1,0,1,1,
1,0,1,0,0,1,0,0,1,0,1,1,
1,0,1,1,0,0,1,0,0,1,0,1,1, //1860閏三月大
0,1,1,0,1,0,1,0,1,0,0,1,
1,0,1,0,1,1,0,1,0,1,0,0,1, //1862閏八月小
0,1,1,0,1,0,1,1,0,1,0,1,
0,0,1,0,1,0,1,1,0,1,1,0,
1,0,0,1,0,1,0,1,1,0,1,1,0, //1865閏五月大
1,0,0,1,0,0,1,1,0,1,1,1,
0,1,0,0,1,0,0,1,0,1,1,1,
0,1,1,0,0,1,0,0,1,0,1,1,0, //1868閏四月小,以下"原為"取自<人生必備萬年曆>
1,1,1,0,0,1,0,0,1,0,1,0,
1,1,1,0,1,0,1,0,0,1,0,1,0, //1870閏十月小,原為1,1,1,0,1,0,1,0,0,1,0,1,1,
1,1,0,1,1,0,1,0,1,0,0,1, // 原為0,1,0,1,1,0,1,0,1,0,0,1,
0,1,0,1,1,0,1,0,1,1,0,1,
0,0,1,0,1,0,1,1,0,1,1,0,1, //1873閏六月大,原為0,0,1,0,1,1,1,0,0,1,1,0,1,
0,0,1,0,1,0,1,0,1,1,1,0,
1,0,0,1,0,0,1,0,1,1,1,0,
1,1,0,0,1,0,0,1,0,1,1,0,1, //1876閏五月小
1,1,0,0,1,0,0,1,0,1,0,1, // 原為1,1,0,0,1,0,1,0,0,1,0,1,
1,1,0,1,0,1,0,0,1,0,1,0,
1,1,0,1,1,0,1,0,0,1,0,1,0, //1879閏三月大,原為1,1,1,1,0,0,1,0,0,1,0,1,0,



1,0,1,1,0,1,1,0,1,0,0,1,
0,1,0,1,0,1,1,0,1,1,0,1,0, //1881閏七月小
0,1,0,1,0,1,0,1,1,0,1,1,
0,0,1,0,0,1,0,1,1,1,0,1,
1,0,0,1,0,0,1,0,1,1,0,1,1, //1884閏五月小,原為1,0,0,1,1,0,0,0,1,1,0,1,1,
1,0,0,1,0,0,1,0,1,0,1,1,
1,0,1,0,1,0,0,1,0,1,0,1,
1,1,0,1,0,1,0,0,1,0,1,0,1, //1887閏四月小
1,0,1,1,0,1,0,0,1,0,1,0,
1,0,1,1,0,1,0,1,0,1,0,1,
0,1,0,1,0,1,0,1,1,0,1,0,1, //1890閏二月小,原為0,1,0,1,0,1,1,0,1,0,1,0,1,
0,1,0,1,0,1,0,1,1,0,1,1,
0,0,1,0,0,1,0,1,1,0,1,1,1, //1892閏六月小
0,0,1,0,0,1,0,1,0,1,1,1,
0,1,0,1,0,0,1,0,1,0,1,1,
1,0,1,0,1,0,0,1,0,1,0,1,0, //1895閏五月小
1,1,1,0,1,0,0,1,0,1,0,1, // 原為1,1,1,0,1,0,1,0,0,1,0,1,
0,1,1,0,1,0,1,0,1,0,1,0,
1,0,1,0,1,1,0,1,0,1,0,1,0, //1898閏三月小
1,0,1,0,1,0,1,1,0,1,0,1,
0,1,0,0,1,0,1,1,0,1,1,0,1, //1900閏八月小
0,1,0,0,1,0,1,0,1,1,1,0,
1,0,1,0,0,1,0,1,0,1,1,1,
0,1,0,1,0,0,1,0,0,1,1,0,1, //1903閏五月小
1,1,0,1,0,0,1,0,0,1,1,0,
1,1,0,1,1,0,0,1,0,1,0,1,
0,1,1,0,1,0,1,0,1,0,1,0,1, //1906閏四月大
0,1,0,1,0,1,1,0,1,0,1,0,
1,0,0,1,1,0,1,0,1,1,0,1,
0,1,0,0,1,0,1,0,1,1,1,0,1, //1909閏二月小
0,1,0,0,1,0,1,0,1,1,1,0,
1,0,1,0,0,1,0,0,1,1,0,1,1, //1911閏六月小
1,0,1,0,0,1,0,0,1,1,0,1,
1,1,0,1,0,0,1,0,0,1,0,1,
1,1,0,1,0,1,0,1,0,0,1,0,1, //1914閏五月大
1,0,1,1,0,1,0,1,0,1,0,0,
1,1,0,1,0,1,1,0,1,0,1,0,
1,0,0,1,0,1,1,0,1,1,0,1,0, //1917閏二月小
1,0,0,1,0,1,0,1,1,0,1,1,
0,1,0,0,1,0,0,1,1,0,1,1,1, //1919閏七月大
0,1,0,0,1,0,0,1,0,1,1,1,
1,0,1,0,0,1,0,0,1,0,1,1,
1,0,1,1,0,0,1,0,0,1,0,1,1, //1922閏五月小
0,1,1,0,1,0,1,0,0,1,0,1,
0,1,1,0,1,1,0,1,0,1,0,0,
1,0,1,0,1,1,0,1,1,0,1,0,1, //1925閏四月大
0,0,1,0,1,0,1,1,0,1,1,0,
1,0,0,1,0,1,0,1,0,1,1,1,
0,1,0,0,1,0,0,1,0,1,1,1,1, //1928閏二月小
0,1,0,0,1,0,0,1,0,1,1,1,
0,1,1,0,0,1,0,0,1,0,1,1,0, //1930閏六月小
1,1,0,1,0,1,0,0,1,0,1,0,
1,1,1,0,1,0,1,0,0,1,0,1,
0,1,1,0,1,1,0,1,0,1,0,0,1, //1933閏五月大
0,1,0,1,1,0,1,0,1,1,0,1,
0,0,1,0,1,0,1,1,0,1,1,0,
1,0,0,1,0,0,1,1,0,1,1,1,0, //1936閏三月大
1,0,0,1,0,0,1,0,1,1,1,0,
1,1,0,0,1,0,0,1,0,1,1,0,1, //1938閏七月大
1,1,0,0,1,0,0,1,0,1,0,1,
1,1,0,1,0,1,0,0,1,0,1,0,
1,1,0,1,1,0,1,0,0,1,0,1,0, //1941閏六月大
1,0,1,1,0,1,0,1,0,1,0,1,
0,1,0,1,0,1,1,0,1,0,1,0,
1,0,1,0,1,0,1,0,1,1,0,1,1, //1944閏四月大
0,0,1,0,0,1,0,1,1,1,0,1,
1,0,0,1,0,0,1,0,1,1,0,1,
1,1,0,0,1,0,0,1,0,1,0,1,1, //1947閏二月小
1,0,1,0,1,0,0,1,0,1,0,1,
1,0,1,1,0,1,0,0,1,0,1,0,1, //1949閏七月小
0,1,1,0,1,1,0,0,1,0,1,0,
1,0,1,1,0,1,0,1,0,1,0,1,
0,1,0,1,0,1,0,1,1,0,1,0,1, //1952閏五月大
0,1,0,0,1,1,0,1,1,0,1,0,
1,0,1,0,0,1,0,1,1,0,1,1,
0,1,0,1,0,0,1,0,1,0,1,1,1, //1955閏三月大
0,1,0,1,0,0,1,0,1,0,1,1,
1,0,1,0,1,0,0,1,0,1,0,1,0, //1957閏八月小
1,1,1,0,1,0,0,1,0,1,0,1,
0,1,1,0,1,0,1,0,1,0,1,0,
1,0,1,0,1,1,0,1,0,1,0,1,0, //1960閏六月小
1,0,1,0,1,0,1,1,0,1,0,1,
0,1,0,0,1,0,1,1,0,1,1,0,
1,0,1,0,0,1,0,1,0,1,1,1,0, //1963閏四月小
1,0,1,0,0,1,0,1,0,1,1,1,
0,1,0,1,0,0,1,0,0,1,1,0,
1,1,1,0,1,0,0,1,0,0,1,1,0, //1966閏三月小
1,1,0,1,1,0,0,1,0,1,0,1,
0,1,0,1,1,0,1,0,1,0,1,0,1, //1968閏七月小




0,1,0,1,0,1,1,0,1,0,1,0,
1,0,0,1,0,1,1,0,1,1,0,1,
0,1,0,0,1,0,1,0,1,1,1,0,1, //1971閏五月小
0,1,0,0,1,0,1,0,1,1,0,1,
1,0,1,0,0,1,0,0,1,1,0,1,
1,1,0,1,0,0,1,0,0,1,1,0,1, //1974閏四月小
1,1,0,1,0,0,1,0,0,1,0,1,
1,1,0,1,0,1,0,1,0,0,1,0,1, //1976閏八月小
1,0,1,1,0,1,0,1,0,1,0,0,
1,0,1,1,0,1,1,0,1,0,1,0,
1,0,0,1,0,1,1,0,1,1,0,1,0, //1979閏六月大
1,0,0,1,0,1,0,1,1,0,1,1,
0,1,0,0,1,0,0,1,1,0,1,1,
1,0,1,0,0,1,0,0,1,0,1,1,1, //1982閏四月小
1,0,1,0,0,1,0,0,1,0,1,1,
1,0,1,1,0,0,1,0,0,1,0,1,1, //1984閏十月小
0,1,1,0,1,0,1,0,0,1,0,1,
0,1,1,0,1,1,0,1,0,1,0,0,
1,0,1,0,1,1,0,1,1,0,1,0,0, //1987閏六月小
1,0,1,0,1,0,1,1,0,1,1,0,
1,0,0,1,0,1,0,1,0,1,1,1,
0,1,0,0,1,0,0,1,0,1,1,1,1, //1990閏五月小
0,1,0,0,1,0,0,1,0,1,1,1,
0,1,1,0,0,1,0,0,1,0,1,1,
0,1,1,0,1,0,1,0,0,1,0,1,0, //1993閏三月小
1,1,1,0,1,0,1,0,0,1,0,1,
0,1,1,0,1,0,1,1,0,0,1,0,1, //1995閏八月小
0,1,0,1,1,0,1,0,1,1,0,0,
1,0,1,0,1,0,1,1,0,1,1,0,
1,0,0,1,0,0,1,1,0,1,1,0,1, //1998閏五月小
1,0,0,1,0,0,1,0,1,1,1,0,
1,1,0,0,1,0,0,1,0,1,1,0,
1,1,0,1,0,1,0,0,1,0,1,0,1, //2001閏四月小
1,1,0,1,0,1,0,0,1,0,1,0,
1,1,0,1,1,0,1,0,0,1,0,1,
0,1,0,1,1,0,1,0,1,0,1,0,1, //2004閏二月小
0,1,0,1,0,1,1,0,1,0,1,0,
1,0,1,0,1,0,1,0,1,1,0,1,1, //2006閏七月小
0,0,1,0,0,1,0,1,1,1,0,1,
1,0,0,1,0,0,1,0,1,1,0,1,
1,1,0,0,1,0,0,1,0,1,0,1,1, //2009閏五月小
1,0,1,0,1,0,0,1,0,1,0,1,
1,0,1,1,0,1,0,0,1,0,1,0,
1,0,1,1,0,1,0,1,0,1,0,1,0, //2012閏四月小
1,0,1,0,1,1,0,1,0,1,0,1,
0,1,0,1,0,1,0,1,1,0,1,0,1, //2014閏九月小
0,1,0,0,1,0,1,1,1,0,1,0,
1,0,1,0,0,1,0,1,1,0,1,1,
0,1,0,1,0,0,1,0,1,0,1,1,1, //2017閏六月大
0,1,0,1,0,0,1,0,1,0,1,1,
1,0,1,0,1,0,0,1,0,0,1,1,
0,1,1,1,0,1,0,0,1,0,1,0,1, //2020閏四月小
0,1,1,0,1,0,1,0,1,0,1,0,
1,0,1,0,1,1,0,1,0,1,0,1,
0,1,0,0,1,1,0,1,1,0,1,0,1, //2023閏二月小
0,1,0,0,1,0,1,1,0,1,1,0,
1,0,1,0,0,1,0,1,0,1,1,1,0, //2025閏六月小
1,0,1,0,0,1,0,0,1,1,1,0,
1,1,0,1,0,0,1,0,0,1,1,0,
1,1,1,0,1,0,0,1,0,0,1,1,0, //2028閏五月小
1,1,0,1,0,1,0,1,0,0,1,1,
0,1,0,1,1,0,1,0,1,0,1,0,
0,1,1,0,1,0,1,1,0,1,0,1,0, //2031閏三月小
1,0,0,1,0,1,1,0,1,1,0,1,
0,1,0,0,1,0,1,0,1,1,1,0,1, //2033閏冬月小
0,1,0,0,1,0,1,0,1,1,0,1,
1,0,1,0,0,1,0,0,1,1,0,1,
1,1,0,1,0,0,1,0,0,1,0,1,1, //2036閏六月大
1,1,0,1,0,0,1,0,0,1,0,1,
1,1,0,1,0,1,0,1,0,0,1,0,   // 原為1,1,0,1,0,1,0,1,0,1,0,0,
1,1,0,1,1,0,1,0,1,0,1,0,0, //2039閏五月小
1,0,1,1,0,1,0,1,1,0,1,0,
0,1,0,1,0,1,1,0,1,1,0,1,
0,1,0,0,1,0,1,0,1,1,0,1,1, //2042閏二月小
0,1,0,0,1,0,0,1,1,0,1,1,
1,0,1,0,0,1,0,0,1,0,1,1,1, //2044閏七月小
1,0,1,0,0,1,0,0,1,0,1,1,
1,0,1,0,1,0,1,0,0,1,0,1,
1,0,1,1,0,1,0,1,0,0,1,0,1, //2047閏五月大
0,1,1,0,1,1,0,1,0,0,1,0,
1,0,1,0,1,1,0,1,1,0,1,0,
0,1,0,1,0,1,0,1,1,0,1,1,0, //2050閏三月大
1,0,0,1,0,0,1,1,0,1,1,1,
0,1,0,0,1,0,0,1,0,1,1,1,1, //2052閏八月小
0,1,0,0,1,0,0,1,0,1,1,1,
0,1,1,0,0,1,0,0,1,0,1,1,
0,1,1,0,1,0,1,0,0,1,0,1,0, //2055閏六月大
1,1,1,0,1,0,1,0,0,1,0,1,
0,1,1,0,1,0,1,0,1,0,1,0, // 原為0,1,1,0,1,0,1,1,0,0,1,0,
1,0,1,0,1,0,1,1,0,1,1,0,0, //2058閏四月大
1,0,1,0,1,0,1,0,1,1,1,0,
1,0,0,1,0,0,1,0,1,1,1,0,
1,1,0,0,1,0,0,1,0,1,1,1,0, //農曆2061年閏三月小
1,1,0,0,1,0,0,1,0,1,1,0,
1,1,0,1,0,1,0,0,1,0,1,0,1, //農曆2063年閏七月小
1,1,0,1,0,1,0,0,1,0,1,0,
1,1,0,1,1,0,1,0,0,1,0,1,
0,1,0,1,1,0,1,0,1,0,1,0,1, //農曆2066年閏五月小
0,1,0,1,0,1,1,0,1,0,1,0,
1,0,1,0,0,1,1,0,1,1,0,1,
0,1,0,1,0,0,1,0,1,1,1,0,1, //農曆2069年閏四月小
0,1,0,1,0,0,1,0,1,1,0,1,
1,0,1,0,1,0,0,1,0,1,0,1,1, //農曆2071年閏八月小
1,0,1,0,1,0,0,1,0,1,0,1,
1,0,1,1,0,1,0,0,1,0,1,0,
1,0,1,1,0,1,0,1,0,1,0,1,0, //農曆2074年閏六月小
1,0,1,0,1,1,0,1,0,1,0,1,
0,1,0,1,0,1,0,1,1,0,1,0,
1,0,1,0,0,1,0,1,1,1,0,1,0, //農曆2077年閏四月小
1,0,1,0,0,1,0,1,1,0,1,1,
0,1,0,1,0,0,1,0,1,0,1,1,
1,0,1,0,1,0,0,1,0,0,1,1,1, //農曆2080年閏三月小
0,1,1,0,1,0,0,1,0,0,1,1,
0,1,1,1,0,0,1,0,1,0,0,1,1, //農曆2082年閏七月小
0,1,1,0,1,0,1,0,1,0,1,0,
1,0,1,0,1,1,0,1,0,1,0,1,
0,1,0,0,1,1,0,1,1,0,1,0,1, //農曆2085年閏五月大
0,1,0,0,1,0,1,1,0,1,1,0,
1,0,1,0,0,1,0,1,0,1,1,1,
0,1,0,1,0,0,1,0,0,1,1,1,0, //農曆2088年閏四月小
1,1,0,1,0,0,0,1,0,1,1,0,
1,1,1,0,1,0,0,1,0,0,1,1,0, //農曆2090年閏八月小
1,1,0,1,0,1,0,1,0,0,1,0,
1,1,0,1,1,0,1,0,1,0,1,0,
0,1,1,0,1,0,1,1,0,1,0,1,0, //農曆2093年閏六月大
0,1,0,1,0,1,1,0,1,1,0,1,
0,1,0,0,1,0,1,0,1,1,1,0,
1,0,1,0,0,1,0,0,1,1,1,0,1, //農曆2096年閏四月小
1,0,1,0,0,0,1,0,1,1,0,1,
1,1,0,1,0,0,0,1,0,1,0,1,
1,1,0,1,1,0,0,1,0,0,1,0,1, //農曆2099年閏二月小
1,1,0,1,0,1,0,1,0,0,1,0,   //設農曆2100年臘月小

